---
password: 63640264849a87c90356129d99ea165e37aa5fabc1fea46906df1a7ca50db492
ip: 94.96.189.194
firstlogin: 1432945668697.000000
lastlogin: 1432945668704.000000
...
