---
password: 34dd2c41ba8fb1f155c964a6bbb489627202bc4f61e7f028f40c6c74e5b17c41
ip: 181.134.236.145
firstlogin: 1432592470290.000000
lastlogin: 1432592470297.000000
...
