---
password: 5e884898da28047151d0e56f8dc6292773603d0d6aabbdd62a11ef721d1542d8
ip: 201.76.2.86
firstlogin: 1432590749633.000000
lastlogin: 1432590749643.000000
...
