---
password: 17b3029332a78634006ae9866d08b20c3cbc56f5cd5946711ed40aa36587460d
ip: 49.145.108.188
firstlogin: 1432640889536.000000
lastlogin: 1432640889543.000000
...
