---
password: 86f3bff770c02d90d6f18bd6543ef298c6b53a62366710b73322e8dc6df5106f
ip: 189.252.112.22
firstlogin: 1432626711363.000000
lastlogin: 1432626711372.000000
...
