---
password: 0bd36bfd4d80867c0d67a43f7456bee5e5dbc7c1ff74da7b7b3add90f31e73f3
ip: 112.209.194.47
firstlogin: 1432911756619.000000
lastlogin: 1432911756626.000000
...
