---
password: 05a2bb89ab90f844f406f8fe2556571d76aa7500c4f6d4cd54e48b54f95f8bc1
ip: 77.225.66.159
firstlogin: 1432820313674.000000
lastlogin: 1432820313681.000000
...
