---
password: 6628a6a43df58d590f0c5398ae2cbacd8eb16d1dc01a4d9f074f35e67f9af281
ip: 82.158.32.15
firstlogin: 1432823890328.000000
lastlogin: 1432823909639.000000
...
