---
password: 8e76020a945c8be00a9c9ee78590c535567b09f57ec9f61413427cbde89810fb
ip: 190.172.146.216
firstlogin: 1432581697985.000000
lastlogin: 1432933263738.000000
...
