---
password: 5798152d02a53d63fb3a6694aeae8e7acd3a9f66a3fe1a3178f34cfbab61e92f
ip: 200.239.5.39
firstlogin: 1432931429082.000000
lastlogin: 1432951294486.000000
...
