---
password: 55d374ced7ecd5143228fbb165f3c2cb764088c0ea085951903f4f30c6c7949e
ip: 189.137.77.204
firstlogin: 1432579665800.000000
lastlogin: 1432579665806.000000
...
