---
password: 6be0cbb409b2e76c31d22cebd197bd0d1798b0687df98e630c4636d8e258bea4
ip: 189.218.113.194
firstlogin: 1432872656296.000000
lastlogin: 1432960506372.000000
...
