---
password: 5430d32a867077f33c1f8bbba413ab8ee300b3772cae2bbcf8bce7897ca42125
ip: 86.68.155.248
firstlogin: 1432799739235.000000
lastlogin: 1432799739241.000000
...
