---
password: 0ffe3404e43fc26a1e11b1c951ee719c2a6ded2b4876ef15ee2969522cb15413
ip: 189.217.225.221
firstlogin: 1432871206395.000000
lastlogin: 1432913182160.000000
...
