---
password: 4781cfb78390a5e971f75c1b9a75bb51e82009e212d56f79ebbb9901fbb546d4
ip: 189.145.18.82
firstlogin: 1432506898518.000000
lastlogin: 1432506898522.000000
...
