---
password: 9dd8bdb90327183c32e55f68d76bb4000197a036e1f24ccc703a2db7d7960d10
ip: 186.83.87.74
firstlogin: 1432941753335.000000
lastlogin: 1432941753342.000000
...
