---
password: 6ae18867efc20e162f5331b7ce7ae83aa19a2d6f4b2376be0cd77f8a38f7af7c
ip: 189.200.57.118
firstlogin: 1432771447778.000000
lastlogin: 1432910376399.000000
...
