---
password: 15e2b0d3c33891ebb0f1ef609ec419420c20e320ce94c65fbc8c3312448eb225
ip: 190.150.89.112
firstlogin: 1432944457801.000000
lastlogin: 1432945524560.000000
...
