---
password: 1f2711c356883a5352b10eaa624133f1ca11357518aa0f3250f19f9c45be72a9
ip: 87.217.77.112
firstlogin: 1432939506801.000000
lastlogin: 1432939506807.000000
...
