---
password: 7f8fe2593ff3e86441b1be058afeee6f77d4680355901ebdec45beeb321fe750
ip: 189.128.133.32
firstlogin: 1432579551704.000000
lastlogin: 1432857652354.000000
...
