---
password: 97b3daf845581c0fe84ff1d068c5045bc5cb4e6400a3c9da36ab661e2e401f2d
ip: 191.181.117.220
firstlogin: 1432864486390.000000
lastlogin: 1432864502821.000000
...
