---
password: 3c782dd25884ce0ad8051fc0dac5e426d3272cc2287d150c900f7338c792666c
ip: 190.82.14.136
firstlogin: 1432504336021.000000
lastlogin: 1432504336025.000000
...
