---
password: 1056cc1a6a75f41745db6086af39ebe41e9dd4151d88f901823786fd2b2b09fd
ip: 189.222.89.212
firstlogin: 1432945527422.000000
lastlogin: 1432945527428.000000
...
