---
password: 0a0177ddd241169028ac34ee9ce3d1f91f57d8b15cd5d1b6175519eb0cf11ee4
ip: 161.18.184.69
firstlogin: 1432921068115.000000
lastlogin: 1432921068123.000000
...
