---
password: 8cc594e4ba57c6c4cf20f31279fc47a098ccb5698db0e5c7bfff675e497c1a86
ip: 190.1.222.156
firstlogin: 1432951592207.000000
lastlogin: 1432951592215.000000
...
