---
password: 856f45efea9f591b47e29d6c68c1377a6857044f637d031008aa04ed06821637
ip: 201.170.230.85
firstlogin: 1432324890968.000000
lastlogin: 1432324890973.000000
...
