---
password: 406f341cfd600d50f5e4d546ab3c323264a81982466c36764ac492f6b4ff9ef2
ip: 189.239.104.58
firstlogin: 1432611819829.000000
lastlogin: 1432929222227.000000
...
