---
password: 1291226d8c1f60ce195957b99ca5f8cd6d756361a3c7d28128782c50c66946ce
ip: 201.160.132.103
firstlogin: 1432623356632.000000
lastlogin: 1432623356640.000000
...
