---
password: 5392de6b7fcb62f815a3cd20ac7ba957691b3c83f170d5eb1235090fb1c19a43
ip: 177.129.62.249
firstlogin: 1432989169192.000000
lastlogin: 1432989169200.000000
...
