---
password: 819c52a063a8f4fc1095d661e35dd4b05d885882dcf6bdb81092c3debd6d398d
ip: 201.161.236.248
firstlogin: 1432859253923.000000
lastlogin: 1432907539013.000000
...
