---
password: 0ae5fb9b2b2f0de7fd40fb8ddc1638bf1e694e3addfdaa492c437e7ffea662e3
ip: 186.149.20.10
firstlogin: 1432789794865.000000
lastlogin: 1432789794872.000000
...
