---
password: 714bf3876da9315b007411e7c4a95a57be44c359d1d10b3d59c156edb91ecf53
ip: 179.183.98.32
firstlogin: 1432980458448.000000
lastlogin: 1432980458455.000000
...
