---
password: 41d314cf062a5d5ad3ef8c23ecc42b2783e008e04549abaaee2f3326c9fba678
ip: 187.187.16.214
firstlogin: 1432772214641.000000
lastlogin: 1432772214647.000000
...
