---
password: 034e00d042757e05520b5910658c0895f9a833e11ac88a250d95ee2f585da7e9
ip: 189.217.92.220
firstlogin: 1432782440046.000000
lastlogin: 1432782441481.000000
...
