---
password: 5ad05065a28a2a9e8e92f70f0560f25dc378f68b2d46237eb57dd985c6121480
ip: 177.126.24.174
firstlogin: 1432598342622.000000
lastlogin: 1432598342630.000000
...
