---
password: 386235b975c74bcdf33d1c6fd0341b723b31c98ec6264f520af78ddcbaca8854
ip: 181.160.67.223
firstlogin: 1432943350434.000000
lastlogin: 1432943350475.000000
...
