---
password: 129ed651b6ca1fe0e179bf8d734048ba94d24c08ca71b86db92fe11242ea2265
ip: 186.223.23.178
firstlogin: 1432830252357.000000
lastlogin: 1432830252363.000000
...
