---
password: 3d2fbb3c2d53fed4a30f93ddcc32e4f27c93e71e99300e99c648d3f22ebb5dc3
ip: 189.220.25.229
firstlogin: 1432505921677.000000
lastlogin: 1432505921679.000000
...
