---
password: 5c18957f2d432ea648fc96f411255cd6d781b4bf6ecddcb5545e26989687738f
ip: 191.247.228.56
firstlogin: 1432583186068.000000
lastlogin: 1432583186074.000000
...
