---
password: 97879d5ce81bc500b36f7fb5bb87468c2e65b96ce5a4e6ae2346d3a5baeff855
ip: 189.156.91.96
firstlogin: 1432785272839.000000
lastlogin: 1432863112961.000000
...
