---
password: 228dbef95a704967e0610e36532e215773a51d9ffb7f2728fb05979660f4e6c6
ip: 203.87.156.35
firstlogin: 1432625533281.000000
lastlogin: 1432625533288.000000
...
