---
password: 936fceed05c309d555717b5b3f9171d963f45deefc9340f26c066edf2954d655
ip: 190.216.150.194
firstlogin: 1432575619993.000000
lastlogin: 1432575619999.000000
...
