---
password: 0d43f8dd96f763775f04adca84f4475687efcb8f8494ec38691d6e2262ca7f52
ip: 189.170.167.146
firstlogin: 1432605296359.000000
lastlogin: 1432774951348.000000
...
