---
password: 5262ca83b3de8996197d100c719c1ad35bd01f23263a4aac7dd3f9694ef343ff
ip: 191.100.93.124
firstlogin: 1432582018117.000000
lastlogin: 1432582018124.000000
...
