---
password: 55027d2e378d1553a1c250d2abdf70df4fbc5a34d91464c01e7e690471437744
ip: 177.246.116.93
firstlogin: 1432515406125.000000
lastlogin: 1432582978215.000000
...
