---
password: 52e8b179935dc04b9697f124d3935016c0ecca77ddd8fb0b8cddaf2faa079fa4
ip: 200.85.210.3
firstlogin: 1432866549408.000000
lastlogin: 1432944244271.000000
...
