---
password: 0d4886e0e93af1ae2c439c1062c9d624eb72d0d36ba582407a31090e3f36e1d5
ip: 91.232.77.21
firstlogin: 1432911467618.000000
lastlogin: 1432911467624.000000
...
