---
password: 109261a3a8e7739ff1a9cfb8416460321d6042e380618c19e9834422b675dd95
ip: 189.139.120.73
firstlogin: 1432781682603.000000
lastlogin: 1432781682609.000000
...
