---
password: 9970626666560a32465d4ce10d28f3233365af833e15eed59884d9477862c379
ip: 201.198.159.70
firstlogin: 1432509316291.000000
lastlogin: 1432509357186.000000
...
