---
password: 46a4d85b12a13e58d67c537e2aca67b8c23a533ae67e0c0cbb292f44a7845c8a
ip: 190.212.232.44
firstlogin: 1432945526441.000000
lastlogin: 1432945526447.000000
...
