---
password: 15e2b0d3c33891ebb0f1ef609ec419420c20e320ce94c65fbc8c3312448eb225
ip: 186.178.125.48
firstlogin: 1432950180831.000000
lastlogin: 1432950180837.000000
...
