---
password: 1f0c4362ea1043486112ce9da65f58963944fce8e41dd3689ccc4e74ef65bc39
ip: 189.155.8.109
firstlogin: 1432943314353.000000
lastlogin: 1432943314359.000000
...
