---
password: 3d704439bbc6706209807bbe0543c06ccf25a52ac795d5ab986b070d355d365e
ip: 84.232.26.48
firstlogin: 1432748706911.000000
lastlogin: 1433002546790.000000
...
