---
password: 0cb3af863594b21b24fc38c660a4e6f6bf86dfa7db3dd2fc65f4f765533394aa
ip: 187.233.23.242
firstlogin: 1432916928114.000000
lastlogin: 1432929207028.000000
...
