---
password: 1505e1f8fa878cdc44dec9aded681d7891b63a28249dccd2180a96359a92658d
ip: 181.63.28.4
firstlogin: 1432786434524.000000
lastlogin: 1432786434530.000000
...
