---
password: 19c3d7120177dca038c369f98d917116383049a7b6dc66f979f620769be2dc1b
ip: 77.64.253.217
firstlogin: 1432925966943.000000
lastlogin: 1432925966954.000000
...
