---
password: 5e7b0f4e001fabe23d3444428673927e221bcb883ff07189e66707bda9dd4c50
ip: 189.172.125.216
firstlogin: 1432779661665.000000
lastlogin: 1432779661671.000000
...
