---
password: 5e7b0f4e001fabe23d3444428673927e221bcb883ff07189e66707bda9dd4c50
ip: 189.172.55.177
firstlogin: 1432569925893.000000
lastlogin: 1432569925935.000000
...
