---
password: 0fcd568a5cb9bdb4677b69354b11ee415af8f784519cff3da49a26f84eaee7f2
ip: 187.195.217.154
firstlogin: 1432580481721.000000
lastlogin: 1432770261066.000000
...
