---
password: 7762d4a97500b039cea6aef70ed6d9ba97e231226a88ad971cb33d9ebc45f722
ip: 189.164.202.223
firstlogin: 1432587962634.000000
lastlogin: 1432587962644.000000
...
