---
password: 896bae3c7c1280b5b815a37d3d1bc3ba50dc84a729ba0a77eb8b231140d62e4a
ip: 86.127.164.191
firstlogin: 1432789405489.000000
lastlogin: 1432789405495.000000
...
