---
password: 4b307587b53f68553f66834f2dd5c0ec7e57d0df1e656ef7ff2c8617978728e5
ip: 186.58.137.130
firstlogin: 1432581706996.000000
lastlogin: 1432581707002.000000
...
