---
password: 93286b1f91798f66d1fe2f04d4c0305c86dc749516708f1b8216370c5254ec33
ip: 177.241.17.81
firstlogin: 1432600879154.000000
lastlogin: 1432600879163.000000
...
