---
password: 183913b3b9520eae693a54a2091c90718d70eaffe68cc0e56df26ccc44b3f5e2
ip: 72.50.85.158
firstlogin: 1432580201021.000000
lastlogin: 1432580201028.000000
...
