---
password: 9c53b0cdae67b7139dcb9ec9d8ec15a652bb71c16d8e6561953d027c2e1d67b6
ip: 95.20.39.57
firstlogin: 1432818300349.000000
lastlogin: 1432818300355.000000
...
