---
password: 8cd0d23b0eecee855be530ac402a1e30deaf57977fc5df3e468553889c5e0dc9
ip: 186.35.148.50
firstlogin: 1432603678739.000000
lastlogin: 1432603691534.000000
...
