---
password: 9418043887f4484b07024c69d88a53d783458dc8e35c0a8b797b65312a7e552c
ip: 187.185.100.13
firstlogin: 1432917387862.000000
lastlogin: 1432917387870.000000
...
