---
password: 73e4c51456c25bab5458df719693e8dd7ca6b23e214ba2ef1142f7f29b33e995
ip: 190.148.2.71
firstlogin: 1432956983314.000000
lastlogin: 1432956983322.000000
...
