---
password: 13e26a3bbbd7a1b1f3df3e46c0a1e5c11451c7fad4850a6198b1c30dbe571752
ip: 179.99.191.207
firstlogin: 1432772527247.000000
lastlogin: 1432772527254.000000
...
