---
password: 16c515ebd61f45e56ec8e42c9938fc484e924214e4bd4a19454c26db631a8b13
ip: 181.160.74.87
firstlogin: 1432860339290.000000
lastlogin: 1432860339297.000000
...
