---
password: 38802855421c5208eeacae04bea881201ac2beb74148f2cc4a9c7b4934d6f075
ip: 186.121.22.120
firstlogin: 1432764951991.000000
lastlogin: 1432764951997.000000
...
