---
password: 8f7c460fee75401615dbe79681c4f2f9681e5c99c54d1d0a07ad68d87fcf443d
ip: 189.134.225.49
firstlogin: 1432765625528.000000
lastlogin: 1432765625551.000000
...
