---
password: 6b9440eeabfc6d2d4e5633a842cf175a7860e668977694dd3100a8da1f6c251c
ip: 181.131.128.205
firstlogin: 1432960668394.000000
lastlogin: 1432960668401.000000
...
