---
password: 81c9d6128b5fcd7bbe4ba65c177388ff767a2017f971c053dcaa6f32b4d6a758
ip: 189.190.39.4
firstlogin: 1432515392373.000000
lastlogin: 1432515404400.000000
...
