---
password: 19eae45f54c780a086d3efc887f0591884338c9b6c139ec7894c603452d2c58b
ip: 201.161.58.93
firstlogin: 1432571382611.000000
lastlogin: 1432571883994.000000
...
