---
password: 29a793809ff3b4cc59c7665a1c3b616e93cdf88cfb3855fa9f0f13cbc7cb9085
ip: 85.59.159.164
firstlogin: 1432791316216.000000
lastlogin: 1432791316223.000000
...
