---
password: 3ce2d38d928d384b1fe8c69e96beb9b72a1117ae6512ccd270b76a0a0ffc4415
ip: 190.97.200.244
firstlogin: 1432832227277.000000
lastlogin: 1432907546061.000000
...
