---
password: 1505e1f8fa878cdc44dec9aded681d7891b63a28249dccd2180a96359a92658d
ip: 177.239.30.253
firstlogin: 1432871936515.000000
lastlogin: 1432871936522.000000
...
