---
password: 21359fb534e63235ad80d75e2fb8395bf40b69268fda0b5ecb6b56ee3e27ee5c
ip: 190.218.160.53
firstlogin: 1432600061758.000000
lastlogin: 1432600061765.000000
...
