---
password: 51d8c761f19d4ef5b471e18448d481d48529d810d5e8481dc3814f7dc9e48a43
ip: 112.207.132.84
firstlogin: 1432623668032.000000
lastlogin: 1432623668038.000000
...
