---
password: 227e819dcf2b0634906f2b93cbf616848fd875629775ecb6b9481a8edf3c336e
ip: 162.207.103.29
firstlogin: 1432857747860.000000
lastlogin: 1432857747866.000000
...
