---
password: 04a3398fa4595c26f85708a9f46553172e7a772b5c62eb12f8e1b9e0a0f684d2
ip: 186.92.46.189
firstlogin: 1432874587500.000000
lastlogin: 1432935023536.000000
...
