---
password: 75c3cc5bda8b2e19c3a60f5d37d0582176e74f74d1c340ab02cf4aab954071bc
ip: 177.130.50.78
firstlogin: 1432594403760.000000
lastlogin: 1432594403767.000000
...
