---
password: 1882ee5c9c3d00d3a5fa249162069c15f3137e2b0443dc79295d827deb9666fb
ip: 181.196.81.230
firstlogin: 1432602273794.000000
lastlogin: 1432946031261.000000
...
