---
password: 98d6d3872d9057bfc7d1babddcbea9f1281b51fac880acd8d753af00cd1e4071
ip: 177.240.15.241
firstlogin: 1432772619174.000000
lastlogin: 1432772619181.000000
...
