---
password: 2ac66f672452d61f423807a7a572715b45088a2aa767263fa97ef7b0c6c809c3
ip: 179.180.40.74
firstlogin: 1432937157151.000000
lastlogin: 1432937240154.000000
...
