---
password: 9970626666560a32465d4ce10d28f3233365af833e15eed59884d9477862c379
ip: 177.239.174.217
firstlogin: 1432605384567.000000
lastlogin: 1432778379540.000000
...
