---
password: 15fbb8cb23892e5495baf42a09e1b37b5d6c5995b3ba30f221ba772503d45da1
ip: 187.147.215.103
firstlogin: 1432582724945.000000
lastlogin: 1432582756801.000000
...
