---
password: 475193714f2fc1c53d8bb58dd4e26df1ca0b2f2091009d54d72acd3bdd56a1f3
ip: 179.107.250.62
firstlogin: 1432507314771.000000
lastlogin: 1432989361026.000000
...
