---
password: 90adc026facea7bcb5d401d2e1344b860534957a21b7d5935df4070c39b7bc24
ip: 107.211.166.195
firstlogin: 1432573790430.000000
lastlogin: 1432573790440.000000
...
