---
password: 934b23da9d822208622c5130a313d6a5cb66db64ab3ccc3d7405274032a9399f
ip: 191.43.87.1
firstlogin: 1432603134616.000000
lastlogin: 1432603134623.000000
...
