---
password: 9866e935971a69122460751b04c1ff8aacdf2a6fe237dfeda8c7eb17918bf32c
ip: 187.159.166.170
firstlogin: 1432855014282.000000
lastlogin: 1432861542065.000000
...
