---
password: 3862963bc79256fde067585b7966e87352b8bcf9a2639b03b1bd48b351930140
ip: 93.151.34.117
firstlogin: 1432924223220.000000
lastlogin: 1432924223226.000000
...
