---
password: 8d5047243c2041f84ce1e5de081450b3231b3f2dd656ec7896a601e85bb78a9f
ip: 189.149.249.233
firstlogin: 1432576872433.000000
lastlogin: 1432681942846.000000
...
