---
password: 6163cf44eea38b7120926e10172a6586e2ecb972e458cea59fd98b9888007cce
ip: 108.27.61.16
firstlogin: 1432502645022.000000
lastlogin: 1432502645032.000000
...
