---
password: 12114ae0cf16b6015eaf96b617cd3057d3316760460e4fce64803f7af051f815
ip: 186.103.158.125
firstlogin: 1432829219071.000000
lastlogin: 1432829219078.000000
...
