---
password: 8bb0cf6eb9b17d0f7d22b456f121257dc1254e1f01665370476383ea776df414
ip: 189.161.234.213
firstlogin: 1432648805562.000000
lastlogin: 1432648805570.000000
...
