---
password: 29ead1dd3898c1bdde8c98be153f7576a415df1f271e686ef9f4a82556c3a046
ip: 189.155.158.177
firstlogin: 1432509942144.000000
lastlogin: 1432509958417.000000
...
