---
password: 7314ef6617b174fb4e81550ce62c4ae6829e58dc5bdb2bd18a1f521826c95780
ip: 186.159.44.242
firstlogin: 1432592790718.000000
lastlogin: 1432592790725.000000
...
