---
password: 5e884898da28047151d0e56f8dc6292773603d0d6aabbdd62a11ef721d1542d8
ip: 49.150.92.57
firstlogin: 1432991353108.000000
lastlogin: 1432991353115.000000
...
