---
password: 9970626666560a32465d4ce10d28f3233365af833e15eed59884d9477862c379
ip: 181.50.79.146
firstlogin: 1432779654816.000000
lastlogin: 1432914584050.000000
...
