---
password: 1a93e80af7e7a6efa49d76f52a6788545062c8b408f866090416a6a363f8c45d
ip: 189.236.215.70
firstlogin: 1432930367836.000000
lastlogin: 1432930367844.000000
...
