---
password: 4c95b34ce1d0b81161685dc9725e1f7a8fff1d656d334df28195a89da83e7d89
ip: 190.226.25.99
firstlogin: 1432643138708.000000
lastlogin: 1432911671891.000000
...
