---
password: 8d47fee3c2d83688ab677bf7a39b0965b7d5b3a4cba1f364cb0dfd5e61e315be
ip: 177.245.149.48
firstlogin: 1432859300519.000000
lastlogin: 1432859300525.000000
...
