---
password: 2f55d2fb968a30569ffb85b8e2cf74516d6e4dbcad5e74c15259cafa48380f88
ip: 187.131.218.126
firstlogin: 1432912445213.000000
lastlogin: 1432950661320.000000
...
