---
password: 4e1655fbcfe54d45d00e4afee127b343c0455d95ef410b6ce9620db1700345a6
ip: 187.158.226.0
firstlogin: 1432720000158.000000
lastlogin: 1432932944223.000000
...
