---
password: 1b8d7f0aed0e01653274e76a638c4987696e893dff2fffea08cf81e4b19a53df
ip: 148.246.45.145
firstlogin: 1432858625114.000000
lastlogin: 1432918182058.000000
...
