---
password: 55ae588bcc702a45a0608f1eb2c34ff2cb78fdf70d8809ddd1aabbbc5aa4a2e7
ip: 103.10.22.58
firstlogin: 1432817569193.000000
lastlogin: 1432817569199.000000
...
