---
password: 6e723ff99b165e6dc968caddf94f84eb4eb74f43c7e172b0ff9d6b6e982dce3e
ip: 187.252.55.20
firstlogin: 1432587481510.000000
lastlogin: 1432867648406.000000
...
