---
password: 7a11ba7966d416027712dab1c5c165ba42dc04b6246cbae8333b8b5836cf15d8
ip: 189.137.186.176
firstlogin: 1432918797088.000000
lastlogin: 1432918797095.000000
...
