---
password: 35a942bb135f91f460f91f0e4a748b9af6de6179f55c7efd06319f6ee46af9ba
ip: 95.139.124.250
firstlogin: 1432579392433.000000
lastlogin: 1432579392440.000000
...
