---
password: 50be54a1a987f8301cceaaba041087b6edf95990d3be30ce194e6b5913d82ff7
ip: 190.66.66.2
firstlogin: 1432946704010.000000
lastlogin: 1432946704016.000000
...
