---
password: 60ee48e439ab651f2d8b0039fe18cf0dae71046d4e6761594fc7a2a2993f9d86
ip: 186.2.215.238
firstlogin: 1432776561749.000000
lastlogin: 1432830671129.000000
...
