---
password: 7a8606e0b9e0c399350ef6e9d7d38a9dbe318cfcaa2f7a014666d3d4b289459f
ip: 201.161.236.248
firstlogin: 1432865629762.000000
lastlogin: 1432865629768.000000
...
