---
password: 0d3e69d50836584f732d3cfbbef8399a95449a32b133766041375536ded4c22f
ip: 116.14.193.32
firstlogin: 1432946971701.000000
lastlogin: 1432946971708.000000
...
