---
password: 6097cee79a385f27203f14020a826e4c27f80b4b19c5484121f2a0e558b51788
ip: 177.245.51.159
firstlogin: 1432925520658.000000
lastlogin: 1432946234541.000000
...
