---
password: 5fccb591c76e0c3ed925c2eecd99f4cdd9a0e99c2eb9afd593c8be982473171b
ip: 177.202.37.241
firstlogin: 1432594412265.000000
lastlogin: 1432989152701.000000
...
