---
password: 880901692d1d6aaa122e224974d5da23713aa855d4688a0a3a117bfee4f6ff2a
ip: 200.112.230.58
firstlogin: 1432866846372.000000
lastlogin: 1432866846380.000000
...
