---
password: 15e2b0d3c33891ebb0f1ef609ec419420c20e320ce94c65fbc8c3312448eb225
ip: 97.95.138.252
firstlogin: 1432616436868.000000
lastlogin: 1432616497431.000000
...
