---
password: 694e9076cc78538627f113fbc2b9ef1f0dedaeb8b68e940b6e6c8be585b64748
ip: 177.245.138.200
firstlogin: 1432766994464.000000
lastlogin: 1432766994470.000000
...
