---
password: 5f2936d3dd4052f4ddc5eac42dfa065209add82a6b62d0dd6f1da8b8135b6ad8
ip: 109.187.6.139
firstlogin: 1432820626076.000000
lastlogin: 1432820626083.000000
...
