---
password: 1252f8ec5e16e16d0104f0e7252020cdabd93e071d09c45a2f8aa44aa6ba819c
ip: 212.225.141.2
firstlogin: 1432918808393.000000
lastlogin: 1432972887704.000000
...
