---
password: 4be0060be6cadedee7bd3539f4b3a3ee7cfeeb1126b615d3de114cf4ea145018
ip: 186.28.205.33
firstlogin: 1432803536601.000000
lastlogin: 1432803536607.000000
...
