---
password: 219df0c367a696ce7d8209e90b21f687e4ed470159d449f43ff11f3754c1cae4
ip: 189.24.99.145
firstlogin: 1432588505818.000000
lastlogin: 1432602945535.000000
...
