---
password: 9098d4019d207c381cd1b4a1ee6724ea8120d32e3d483d2e999465e1b4e01b6f
ip: 177.237.186.93
firstlogin: 1432783297596.000000
lastlogin: 1432783297603.000000
...
