---
password: 1a78fb6d3a39fb2bd32b49a370df883645736ab0eb4ed9fb608330d3bcd1ed13
ip: 181.174.106.24
firstlogin: 1432325337803.000000
lastlogin: 1432325337804.000000
...
