---
password: 238fe8b3c60d20b4fbe27488bcbde6cfa48fbcf6770f0142ae5058c2388ea384
ip: 177.3.198.222
firstlogin: 1432597766727.000000
lastlogin: 1432597766734.000000
...
