---
password: 75b288a4c049946d124c14caeaf5832a05f80086f689b247fe61ac198a7ebfc6
ip: 189.136.121.249
firstlogin: 1432740548094.000000
lastlogin: 1433012809750.000000
...
