---
password: 01f27acc7c9190c35a33febc6a83299b7928db9e37c3a6250ec9a73ae0aea194
ip: 177.40.61.109
firstlogin: 1432857563230.000000
lastlogin: 1432936607807.000000
...
