---
password: 97fc603b00a93f370d460a03bd54b8316fe9b1041e2562c399e64928d4bb0249
ip: 186.80.144.55
firstlogin: 1432708352424.000000
lastlogin: 1432874473189.000000
...
