---
password: 9b240a132a44ba77bd82b5383a2d4bbb7633b5c82265bc28fe0aec81f630cea7
ip: 187.161.166.135
firstlogin: 1432878761704.000000
lastlogin: 1432935930239.000000
...
