---
password: 4ec4f5b119a9c7f99f6f71b91b6c5e6cb99cf95d442681641bdf61f7cf364fe6
ip: 177.42.227.2
firstlogin: 1432770056722.000000
lastlogin: 1432908525257.000000
...
