---
password: 3137cc213818236309fc229b4d3553440c6adf5157ad93875742e78135bd3467
ip: 162.225.66.146
firstlogin: 1432945528921.000000
lastlogin: 1432945528928.000000
...
