---
password: 0b85bc3a0d6c6198ae76a20e7116f6e80096536101f6ad9475ae0d591b2ae2b3
ip: 179.197.163.175
firstlogin: 1432924875571.000000
lastlogin: 1432924875578.000000
...
