---
password: 02f6c6a1c78c743547f22b1b582e29d887415126bc9e9472b3da740ef015c44e
ip: 89.128.116.83
firstlogin: 1432581803809.000000
lastlogin: 1432581803817.000000
...
