---
password: 24cc8db048634ff7315a7a51c55e57dfdf8f44803193e9bac9271016c2ef97b3
ip: 189.215.105.202
firstlogin: 1432858647152.000000
lastlogin: 1432951088494.000000
...
