---
password: 15e2b0d3c33891ebb0f1ef609ec419420c20e320ce94c65fbc8c3312448eb225
ip: 190.87.120.220
firstlogin: 1432944464168.000000
lastlogin: 1432944589549.000000
...
