---
password: 8ba3bc085c47dfc1dfc44659263116883b47b4afcac818777c5e47d17d6258ee
ip: 187.247.220.167
firstlogin: 1432933899708.000000
lastlogin: 1432947808728.000000
...
