---
password: 15e2b0d3c33891ebb0f1ef609ec419420c20e320ce94c65fbc8c3312448eb225
ip: 200.222.249.29
firstlogin: 1432859760026.000000
lastlogin: 1432990127122.000000
...
