---
password: 38628f66c22ce722bfb89b77f463c5e613558a6858756c686dcd4ebc0d40cf67
ip: 201.186.211.252
firstlogin: 1432507154762.000000
lastlogin: 1432606592760.000000
...
