---
password: 145b915c86e76f6e36b2fd376863531c17b55f0214157dd13dc4272958ac7620
ip: 76.31.146.219
firstlogin: 1432937502229.000000
lastlogin: 1432937502236.000000
...
