---
password: 1f738546eede0122657cde74b3fda0d0abfb1a016400ce4afae2c3c90a5a0393
ip: 200.92.125.244
firstlogin: 1432516076169.000000
lastlogin: 1432516076171.000000
...
