---
password: 9d0c52ae7023170cf8437d8683aeee910389238e7792b12c08f04f15c305ca9a
ip: 187.158.222.192
firstlogin: 1432873199264.000000
lastlogin: 1432873199271.000000
...
