---
password: 7a997ce21029ca9ef7373eecfce79051364f0f81e87c737171757650abe23e02
ip: 179.157.48.2
firstlogin: 1432857616028.000000
lastlogin: 1432857652316.000000
...
