---
password: 67daae98ed0c612857a716202f463356ffcf1a018ce140ab4a4bebc8eb274e6d
ip: 189.48.128.201
firstlogin: 1432591337020.000000
lastlogin: 1432591413502.000000
...
