---
password: 1fb824f881f203da3141f2b45e15ac938ed3235987098d11c0b1a1eb5f155d97
ip: 189.212.234.50
firstlogin: 1432853698714.000000
lastlogin: 1432853698720.000000
...
