---
password: 204787c262353fac13b46707c5bd661c5173dcff122cc6ef4d2c3f8335a30a4b
ip: 187.167.135.129
firstlogin: 1432922185843.000000
lastlogin: 1432922185850.000000
...
