---
password: 225a70f340701df321a838b61b4e6c85ea2f907f4705466f1ea9a9f1451af4af
ip: 45.49.108.101
firstlogin: 1432324814168.000000
lastlogin: 1432324814172.000000
...
