---
password: 95ef9016e98f3610da3d14a3f204a356debe393bc4e0d1410ad65b5c14d9a1fd
ip: 186.9.165.212
firstlogin: 1432503351343.000000
lastlogin: 1432503351353.000000
...
