---
password: 820b2ced365753b22e21faac9a1f1b0e34eeda3ee7c300a5d4b24572398a003c
ip: 187.243.148.52
firstlogin: 1432928656446.000000
lastlogin: 1432928740416.000000
...
