---
password: 4a9dabeff5956c7ea274626f674e17e99da9a513227ff23c17c98b3e6fc1d645
ip: 190.252.179.109
firstlogin: 1432580405797.000000
lastlogin: 1432580405807.000000
...
