---
password: 5e884898da28047151d0e56f8dc6292773603d0d6aabbdd62a11ef721d1542d8
ip: 180.191.80.9
firstlogin: 1432825462860.000000
lastlogin: 1432825462866.000000
...
