---
password: 8f0b49be84aba883a225569f87359227261e79b4d76cff56888ca4ab9c7a15ee
ip: 192.168.0.36
firstlogin: 1432579494186.000000
lastlogin: 1432579531033.000000
...
