---
password: 800bcdef20da44e2fe099194f04db45719c71ff826fd7e0195972284e99de1f1
ip: 189.156.246.20
firstlogin: 1432929198357.000000
lastlogin: 1432929198363.000000
...
