---
password: 017aecc07ecde0106485607c2034aaa46073c92414d93973ee603339f75fe252
ip: 190.23.46.109
firstlogin: 1432772924724.000000
lastlogin: 1432772985212.000000
...
