---
password: 5458f9ba0593d6992868688a9c15ff2ab31161d036171cb18a029d780e4cfd45
ip: 190.23.64.103
firstlogin: 1432603642137.000000
lastlogin: 1432603642144.000000
...
