---
password: 94ffe4f303c5d3576c93e174e7e7cb8035ca0f9691a26e33721477bfa3df0a29
ip: 190.22.72.108
firstlogin: 1432581624982.000000
lastlogin: 1432581624989.000000
...
