---
password: 406c0b0738dc593b6e9fbb3aafb3ec65d425dec4aaf9ddb884fcfdec4ea86224
ip: 189.229.162.247
firstlogin: 1432854463327.000000
lastlogin: 1432928446211.000000
...
