---
password: 21bba1a9a0916bd24a9766dbe39ad3d4af419b306d508f326542cf24c0225065
ip: 77.230.69.176
firstlogin: 1432827114079.000000
lastlogin: 1432827114085.000000
...
