---
password: 5218c800d4b7b9a1af17ff276c510994bdbbb7945fa59a077924c06c18d52978
ip: 190.113.115.155
firstlogin: 1432943997677.000000
lastlogin: 1432943997684.000000
...
