---
password: 43999461d22f67840fcd9b8824293eaa4f18146e57b2c651bcd925e3b3e4e429
ip: 201.74.255.254
firstlogin: 1432910270458.000000
lastlogin: 1432910270464.000000
...
