---
password: 6adb8c8c8b240bf363421ea307dcc4500c03599ab89f14597b8e578ad096f767
ip: 187.59.251.237
firstlogin: 1432951540486.000000
lastlogin: 1432951540492.000000
...
