---
password: 35d4c58006596923e3846966837c5b288a936e98b4a30326365386b2e6f48990
ip: 91.232.77.21
firstlogin: 1432911507803.000000
lastlogin: 1432929909858.000000
...
