---
password: 896723dcb765134dd27a8381a5fc1e807be4e3e0f95f8feb70f9e577b12d7a6a
ip: 190.158.147.83
firstlogin: 1432786434066.000000
lastlogin: 1432862729221.000000
...
