---
password: 8bb0cf6eb9b17d0f7d22b456f121257dc1254e1f01665370476383ea776df414
ip: 189.200.162.165
firstlogin: 1432625419631.000000
lastlogin: 1432625419639.000000
...
