---
password: 2aa9c62784efaa218a1f6abaa837f132f5557f89b2b9465ee4061aa9735ae902
ip: 190.51.59.194
firstlogin: 1432928876156.000000
lastlogin: 1432928876165.000000
...
