---
password: 4174e2a63f132eafd052fe46dba516f5fbaa4bc9ea4f44641510a0357d9a38ca
ip: 187.193.13.214
firstlogin: 1432908686752.000000
lastlogin: 1432927090706.000000
...
