---
password: 5e884898da28047151d0e56f8dc6292773603d0d6aabbdd62a11ef721d1542d8
ip: 85.61.216.112
firstlogin: 1432318100044.000000
lastlogin: 1432318100049.000000
...
