---
password: 15be1f5d699d2475897897dcd8c71cba9444ddaa70045243d7aded24b3c87e38
ip: 189.165.100.238
firstlogin: 1432602947289.000000
lastlogin: 1432602947296.000000
...
