---
password: 1790c5dcfdd60b78c9ece343fe281907dc82a320425c9debbb69de1f11c89fdb
ip: 190.26.162.218
firstlogin: 1432585363285.000000
lastlogin: 1432866380416.000000
...
