---
password: 5dc26a6dd825f127fc712a0731c3213c581c09eda051833a2d59c2335c462e56
ip: 189.215.153.48
firstlogin: 1432596516984.000000
lastlogin: 1432596516993.000000
...
