---
password: 9a900403ac313ba27a1bc81f0932652b8020dac92c234d98fa0b06bf0040ecfd
ip: 187.25.138.36
firstlogin: 1432322758848.000000
lastlogin: 1432322758852.000000
...
