---
password: 586f6ca365d23f132600a85e28909ba4087d98c0b31e2ada641bbff4feb61623
ip: 189.13.206.131
firstlogin: 1432899078913.000000
lastlogin: 1432899078919.000000
...
