---
password: 98ec540007abe1fb0761604fd6ddcb5a55ca00bc4d34cc2672f14f175db8fa22
ip: 186.227.186.66
firstlogin: 1432901880662.000000
lastlogin: 1432941644947.000000
...
