---
password: 23a1212f64028cc28e948a99333909ce7695a3e7556a67f7eb0bcb26cb34cb7a
ip: 148.0.173.196
firstlogin: 1432610616767.000000
lastlogin: 1432934191208.000000
...
