---
password: 9970626666560a32465d4ce10d28f3233365af833e15eed59884d9477862c379
ip: 186.3.162.91
firstlogin: 1432782313041.000000
lastlogin: 1432782313047.000000
...
