---
password: 7386ebfedc0bdef9bb94e6e618e8b7afc6b6bac2dfe2817628a6915a8d1dc4d2
ip: 187.176.204.26
firstlogin: 1432949786278.000000
lastlogin: 1432949786285.000000
...
