---
password: 39f6fcacfe101b7cd5a671a137d446e589a695d48f65da73161ac3eb5aca044e
ip: 98.194.1.51
firstlogin: 1432851636545.000000
lastlogin: 1432851636551.000000
...
