---
password: 3e65a37e2a6c114bae5d4372caa9721bc2002bbcd1e51e9fb524e52850336f0e
ip: 181.192.135.69
firstlogin: 1432935092335.000000
lastlogin: 1432988474952.000000
...
