---
password: 392907556887b8ccb39f7db9eae569f02b73759e7aa305089d293620de558a0c
ip: 190.156.92.220
firstlogin: 1432774545296.000000
lastlogin: 1432774567357.000000
...
