---
password: 96bb85a12fce6b91ff1cf57428f54f1cdcae6bba90b31ef896bedc9bbb8df486
ip: 189.242.208.134
firstlogin: 1432950428318.000000
lastlogin: 1432950428324.000000
...
