---
password: 14575ae2a548bab9c825a457e65033cf70798c71663f9189cf7b64a109cb9f04
ip: 181.62.221.34
firstlogin: 1432770240458.000000
lastlogin: 1432770240464.000000
...
