---
password: 9970626666560a32465d4ce10d28f3233365af833e15eed59884d9477862c379
ip: 181.64.209.217
firstlogin: 1432860197941.000000
lastlogin: 1432953814042.000000
...
