---
password: 6d15c14056de47cb3af129774c42344915d37467e37953c901df1997d3f19c08
ip: 189.193.128.227
firstlogin: 1432927560906.000000
lastlogin: 1432927560912.000000
...
