---
password: 8b73e8236c9fd0b088c73e543c410cad8a9a4b9871231bd51be523b9fe05b170
ip: 131.161.108.2
firstlogin: 1432819995246.000000
lastlogin: 1432819995252.000000
...
