---
password: 6b0a9c69de9adbaf9c99e08b7bb4ac862aa22d1f89b1586d42abcedcf4992409
ip: 177.238.71.202
firstlogin: 1432847038531.000000
lastlogin: 1432847038541.000000
...
