---
password: 02860479a9f6575cbb95ffea05af8b56f9433a719c9067a171bf35e6609d389b
ip: 112.209.194.47
firstlogin: 1432911519791.000000
lastlogin: 1432954325903.000000
...
