---
password: 2717ec971b3bf9e749e314da4c18812c76b2f11edcb087157123ea9363209f37
ip: 190.157.29.158
firstlogin: 1432319269512.000000
lastlogin: 1432506479889.000000
...
