---
password: 9970626666560a32465d4ce10d28f3233365af833e15eed59884d9477862c379
ip: 201.114.27.126
firstlogin: 1432935884666.000000
lastlogin: 1432935884672.000000
...
