---
password: 07bf1ac3584cd06da3fb6594a7fd2d6c189eada3483ba6c52128db06c235ec5c
ip: 201.235.33.247
firstlogin: 1432577292296.000000
lastlogin: 1432577292303.000000
...
