---
password: 309a83710d3a8f7d568851aa6885f8bc948dd7cf942a26cbc83d2921e4e56ffd
ip: 187.164.211.110
firstlogin: 1432614503335.000000
lastlogin: 1432614503344.000000
...
