---
password: 26cb475ab4bb52a3ca18c7744e84b37caeeba5f990c822ca2529aa423cc704e1
ip: 190.160.204.90
firstlogin: 1432941620851.000000
lastlogin: 1432941631649.000000
...
