---
password: 0ca6caf625426ca82293c0886a7092c43b2f45b6216f24a920d9911327cd1bdc
ip: 187.189.172.46
firstlogin: 1432851499292.000000
lastlogin: 1432851499299.000000
...
