---
password: 3281259a04a493b6d2fe63b7f8e766c815fce523605b099f53cf9e96b571a6df
ip: 181.160.60.117
firstlogin: 1432605936658.000000
lastlogin: 1432605936665.000000
...
