---
password: 63640264849a87c90356129d99ea165e37aa5fabc1fea46906df1a7ca50db492
ip: 46.32.173.5
firstlogin: 1432317903486.000000
lastlogin: 1432891151772.000000
...
