---
password: 582cb4def98d3edc43cbba89e6ce56b097eafea817b7d18c37f8de6578430cf1
ip: 189.173.167.31
firstlogin: 1432853092723.000000
lastlogin: 1432853092729.000000
...
