---
password: 0cc5524bf10a53a4a1942f00ea965466cd3844ef67cc78436c6607a3398de506
ip: 189.194.1.42
firstlogin: 1432780932221.000000
lastlogin: 1432780941625.000000
...
