---
password: 93c1e7bd5aed2371699f26ecd2088bc271ef10d140e7240f2dd1f16e78e82652
ip: 190.9.192.167
firstlogin: 1432941754952.000000
lastlogin: 1432947499693.000000
...
