---
password: 97a7c1654b83d39fcb5e36518a305309ba1ab3c1aeda053e84973e36ead8fe50
ip: 200.43.77.39
firstlogin: 1432625537831.000000
lastlogin: 1432777265122.000000
...
