---
password: 1f43ca92e76ab25c659f0b29432e2f13776e044165ace94d718a3cfb20fb1c20
ip: 186.145.100.93
firstlogin: 1432607998893.000000
lastlogin: 1432607998899.000000
...
