---
password: 6f790e9c9e0aea518f748ed77fee435cd93d4f00950edb60af63dc66c18efbff
ip: 189.236.133.234
firstlogin: 1432924002970.000000
lastlogin: 1432990491395.000000
...
