---
password: 1f254faa04cffa0d0a8c75f8514f0087429c37cc3516f7abb69c6660db2e6407
ip: 187.254.31.139
firstlogin: 1432878562111.000000
lastlogin: 1432878562118.000000
...
