---
password: 3ca1ffa5d6302a7498b1302c3cac79123087e8af6ee2cfaed30e55b6c2660215
ip: 71.184.179.128
firstlogin: 1432942893011.000000
lastlogin: 1432942893017.000000
...
