---
password: 9970626666560a32465d4ce10d28f3233365af833e15eed59884d9477862c379
ip: 200.192.211.174
firstlogin: 1432823968222.000000
lastlogin: 1432823968228.000000
...
