---
password: 24fb4c3706852aa5c80caebc012accaea9ed2693f5e67bc1f89969c64464e33f
ip: 189.130.69.150
firstlogin: 1432321809149.000000
lastlogin: 1432862248526.000000
...
