---
password: 24fb4c3706852aa5c80caebc012accaea9ed2693f5e67bc1f89969c64464e33f
ip: 189.130.69.150
firstlogin: 1432924428034.000000
lastlogin: 1432924428061.000000
...
