---
password: 04c8d56d3b85ab1e3bfecd2fb84d444bb84ba5c8b2778b28c011d3541bc95058
ip: 177.13.35.9
firstlogin: 1432507310160.000000
lastlogin: 1432507310167.000000
...
