---
password: 5c80565db6f29da0b01aa12522c37b32f121cbe47a861ef7f006cb22922dffa1
ip: 181.124.122.247
firstlogin: 1432749188551.000000
lastlogin: 1432759878845.000000
...
