---
password: 6038ac4d789347a54e09f7f4e1103733da8ebbf5cdb29b2834d3ccecb2dac7aa
ip: 177.13.41.6
firstlogin: 1432577475579.000000
lastlogin: 1432938953437.000000
...
