---
password: 96bd0105e05e3cfdcb7e2122c764cd6e9d9d89faf32f8e2a554c902a5bbc4731
ip: 187.204.214.72
firstlogin: 1432850204019.000000
lastlogin: 1432850204026.000000
...
