---
password: 8b24b0f507953ce40d1dee3ad668d8b854c27f1bd0741101395a4fad15fd8829
ip: 200.97.180.216
firstlogin: 1432949512565.000000
lastlogin: 1432949512571.000000
...
