---
password: 1aef7c86286d11b7b87330c4765fc35eb3c4b368b8cea044542f9c92d57364f3
ip: 179.159.228.50
firstlogin: 1432820425578.000000
lastlogin: 1433010631655.000000
...
