---
password: 712cf747d7cd9cf312e2c88a439be1c99167a078e257731813bfd7b1ec2beeb7
ip: 187.165.126.93
firstlogin: 1432839618511.000000
lastlogin: 1432842739409.000000
...
