---
password: 5e884898da28047151d0e56f8dc6292773603d0d6aabbdd62a11ef721d1542d8
ip: 177.231.35.157
firstlogin: 1432591109691.000000
lastlogin: 1432845954582.000000
...
