---
password: 0ce3a9fe0f36ae4999b082c5ba06d8deb417a11309b3fbfa1540af3e9b0e0bed
ip: 177.13.235.1
firstlogin: 1432587827659.000000
lastlogin: 1432587827667.000000
...
