---
password: 2f93eb2167b771db51907428b6f6950d8b1a3b389d67be80e8b093fe7da25182
ip: 187.147.7.184
firstlogin: 1432581909985.000000
lastlogin: 1432581909992.000000
...
