---
password: 09fa333302c9b6d9a01a8155fb16c1630aa9e70c45863f68cdb5ae25bb3c5719
ip: 186.43.96.53
firstlogin: 1432586584568.000000
lastlogin: 1432586584574.000000
...
