---
password: 0193829d32c5cc98621376be33992e47c5a300cd727dc370256ef49b7395b5e7
ip: 189.136.89.170
firstlogin: 1432600006409.000000
lastlogin: 1432600032926.000000
...
