---
password: 3b3e9ce0f2efd2631e7bfb7f6cbe4e3a48bcf494ff2ce8f11ba00494c9070ad2
ip: 189.192.218.115
firstlogin: 1432916016579.000000
lastlogin: 1432916016585.000000
...
