---
password: 032e6300d1d94a3ec6a66afc640db7a85dfe3a86395b51e56e3adb0d66b3b224
ip: 187.142.182.71
firstlogin: 1432842611457.000000
lastlogin: 1432864048238.000000
...
