---
password: 8a193f7968e96013d0a481ddc573125993e3cdb9a5a9a100489d4d37be53e157
ip: 189.234.6.179
firstlogin: 1432587259353.000000
lastlogin: 1432587259360.000000
...
