---
password: 51ddce78fad27a46aca4e3995790eed3b3d576ab9ce41bae356037a07b1a66c1
ip: 191.112.53.144
firstlogin: 1432587716758.000000
lastlogin: 1432587716765.000000
...
