---
password: 96acfecddec034607dfd6be2ef1db8fa71272350141c60ca94d50dfa92edc006
ip: 70.184.78.111
firstlogin: 1432607056135.000000
lastlogin: 1432607076386.000000
...
