---
password: 522ea1ce2c43f075766b539fe05d559285b4a16917a57617bf257657a4384988
ip: 189.175.215.36
firstlogin: 1432768680450.000000
lastlogin: 1432768680457.000000
...
