---
password: 0964be9682e06fcb3938ad3dcb9ae0b4db106963d07fe1e5bd4e8bd6cf04f9a9
ip: 191.103.183.150
firstlogin: 1432502515700.000000
lastlogin: 1432860950440.000000
...
