---
password: 0964be9682e06fcb3938ad3dcb9ae0b4db106963d07fe1e5bd4e8bd6cf04f9a9
ip: 191.103.170.98
firstlogin: 1432324954643.000000
lastlogin: 1432324954648.000000
...
