---
password: 923fcc0b8cdc76a15309167f04615d68b262243138b24cf8b55b30472ad48cdd
ip: 186.82.229.197
firstlogin: 1432502485587.000000
lastlogin: 1432502485591.000000
...
