---
password: 3355875b8249ee301d7aacc7f7bd6fd2ae4f62f450e6258ce1282b006ea6af75
ip: 177.41.78.39
firstlogin: 1432609935891.000000
lastlogin: 1432609935901.000000
...
