---
password: 3d12ac4602ee812d052f9fc303769dbc8fdcbcf92b16d2d3a83b1df841dedd0f
ip: 189.188.176.57
firstlogin: 1432935883217.000000
lastlogin: 1432935883224.000000
...
