---
password: 6fedc606765a20208c5729bc69d43d1a1490b04c18b7fcbc2ecd81ecc065a1df
ip: 83.21.164.149
firstlogin: 1432907946078.000000
lastlogin: 1432927982747.000000
...
