---
password: 4a0fd88e441e771c4f5157293a0c47313903933bc29f9c4cad04e34a692d6c51
ip: 185.72.13.108
firstlogin: 1432753728214.000000
lastlogin: 1432753728220.000000
...
