---
password: 1e6e84cf6b41eb56f1266893ea61e4439d94131239e4c1fe2458ff654cb60fb6
ip: 185.72.13.108
firstlogin: 1432904507368.000000
lastlogin: 1432998840836.000000
...
