---
password: 9652e51623ee4a12cf2c8eb28fc59fdc8af535f61f374fae53d8d1f6c1df1883
ip: 187.144.162.34
firstlogin: 1432845267238.000000
lastlogin: 1432919865590.000000
...
