---
password: 185e9ac2d51762b343c920023244bb1554b9944f919a940e97dbdbe7b8b20d04
ip: 85.138.219.212
firstlogin: 1432939293966.000000
lastlogin: 1432939293973.000000
...
