---
password: 744f38421a2a037467e614047c89f2242511f9de409bbc833a23bd00993140cc
ip: 190.53.12.87
firstlogin: 1432503451852.000000
lastlogin: 1432503602474.000000
...
