---
password: 9970626666560a32465d4ce10d28f3233365af833e15eed59884d9477862c379
ip: 201.165.20.66
firstlogin: 1432848371549.000000
lastlogin: 1432848371556.000000
...
