---
password: 7f62be443a490640b9b931d0372ee7b695cb74000fcc5ab8a566525b95eab1b4
ip: 189.133.236.175
firstlogin: 1432927920992.000000
lastlogin: 1432927921000.000000
...
