---
password: 9e3ea23e26490658922f19bab25ff7a12a6a4179e9a6290f588a5fd365e37aac
ip: 179.209.45.80
firstlogin: 1432606947792.000000
lastlogin: 1432606947799.000000
...
