---
password: 8bb0cf6eb9b17d0f7d22b456f121257dc1254e1f01665370476383ea776df414
ip: 189.181.202.84
firstlogin: 1432601825118.000000
lastlogin: 1432954330226.000000
...
