---
password: 1992454a9df037017a906a1a1ac1a6bf8f44f398c2a2ef8488323f2c31c877a9
ip: 94.212.221.209
firstlogin: 1432574224639.000000
lastlogin: 1432574224649.000000
...
