---
password: 50603851cc4e74ca277569e9196685ee2deefffcb5fd849bac9f3c80dbc431d1
ip: 46.147.134.29
firstlogin: 1432877830060.000000
lastlogin: 1432877830066.000000
...
