---
password: 7cd3f900b975b4ab603473be0835adb51d4d436a7f1fe884ddacd9fb617aeab4
ip: 2.81.207.223
firstlogin: 1432930910632.000000
lastlogin: 1432930910641.000000
...
