---
password: 0addcadec40af5b0bd8a2101e85a057695103257602471ceb98518473bf0501c
ip: 201.141.153.124
firstlogin: 1432777211759.000000
lastlogin: 1432777211768.000000
...
