---
password: 9d874674884b715deaa606f28a4b9b88f971ba197f7840ba60f56546ce9c5b49
ip: 78.36.22.234
firstlogin: 1432646273970.000000
lastlogin: 1432646275974.000000
...
