---
password: 0dd8c9b0d1425eac8699a7b0f1f30b0c0dff52fd23ae3942b7e281bf331cf49f
ip: 181.192.135.69
firstlogin: 1432913560197.000000
lastlogin: 1432913560203.000000
...
