---
password: 24f27241a3e78c335189d62c59b18bd8cca9cf6f47912a7356c38640fc6bbcb7
ip: 191.177.80.60
firstlogin: 1432849726515.000000
lastlogin: 1432928770616.000000
...
