---
password: 673410985c5a8f4503d371fa32f6d9f2663622251dc18d7b68a296f4af46c4cf
ip: 27.109.204.157
firstlogin: 1432571044076.000000
lastlogin: 1432571044083.000000
...
