---
password: 2736e1042a272fe8db4d09b1abb3f65dda529cc0e66b369e4e5014e6bdc354be
ip: 46.24.112.109
firstlogin: 1432841301026.000000
lastlogin: 1432915292053.000000
...
