---
password: 2939a6ceb7b0fef7879d955dc2bcd58da1e06c631258fbccfdb311759e4c307c
ip: 189.217.74.243
firstlogin: 1432948873060.000000
lastlogin: 1432948873066.000000
...
