---
password: 9dd38823ae4ad3ab7c91087d08641699e05075ae569c525f522280219a54a5f9
ip: 83.45.231.31
firstlogin: 1432649800174.000000
lastlogin: 1432649800181.000000
...
