---
password: 5b8df8a36eea1b0b6fa9a874cd986b9fc3bcb5e7ed567fb74166c903af269219
ip: 186.205.170.198
firstlogin: 1432846810744.000000
lastlogin: 1432846810750.000000
...
