---
password: 2ae0c29749509c550794d0f3f34bba4f6d340a41b78fd5108ae14317569906ab
ip: 65.8.133.56
firstlogin: 1432947823644.000000
lastlogin: 1432947823655.000000
...
