---
password: 5ade78331bc6873b10984de6551a1fb023fe168f5dd534ca39744e233c556fe7
ip: 179.57.85.253
firstlogin: 1432946631523.000000
lastlogin: 1432947571148.000000
...
