---
password: 628612b803c647a7de70f0306c6bbc489d8b75e6ffef150b70a1553a5a7abbeb
ip: 38.92.81.124
firstlogin: 1432925909426.000000
lastlogin: 1432925909434.000000
...
