---
password: 8ef82d7588377e4ba9415c4a9e830c28c851f17fd62501156332481f0ed46831
ip: 177.42.178.135
firstlogin: 1432732441665.000000
lastlogin: 1432940866418.000000
...
