---
password: 15c5599f9643606b3eeb484d7f153f181530ef423a5e138e4c711dfe75057312
ip: 186.122.46.248
firstlogin: 1432586647696.000000
lastlogin: 1432586647702.000000
...
