---
password: 2b5317baa6428270dd73f57ab5588251f646c5ebc10bdf9fc1b5fd77e1b2b575
ip: 186.117.31.195
firstlogin: 1432924138637.000000
lastlogin: 1432924138647.000000
...
