---
password: 4e76e278b651cb7a795c3b404feb43aaceda18124ab07526fb0933e2c165dfe0
ip: 189.35.178.103
firstlogin: 1432858470392.000000
lastlogin: 1432858554457.000000
...
