---
password: 237574612078c0fb6e828f786a35f24be3fb42b1ac38e69dedfffbfc6002d35a
ip: 85.61.216.112
firstlogin: 1432319848572.000000
lastlogin: 1432319848577.000000
...
