---
password: 582d7c6cba707128ef85ba1b1f0320bb5a339a1dd680ae85d7f0a993e59aea83
ip: 189.162.18.79
firstlogin: 1432862530192.000000
lastlogin: 1432862530199.000000
...
