---
password: 6af358725797c1fc13d9af43fac9f56ba94ba7245035797149076136d13018b1
ip: 88.19.81.64
firstlogin: 1432910531680.000000
lastlogin: 1432910536002.000000
...
