---
password: 5e884898da28047151d0e56f8dc6292773603d0d6aabbdd62a11ef721d1542d8
ip: 191.205.168.51
firstlogin: 1432959312554.000000
lastlogin: 1432959312562.000000
...
