---
password: 3da2d7fc01f6cad0af8c4d24b919710b8f882b1ae024f859cd8958978b6e08c5
ip: 186.134.22.133
firstlogin: 1432861384989.000000
lastlogin: 1432944923682.000000
...
