---
password: 5cb9429eb54d1c5b2da87b956bb26fd14f4e45f1ae7e8f51536cbb46c705e46c
ip: 50.171.101.245
firstlogin: 1432577632093.000000
lastlogin: 1432577632100.000000
...
