---
password: 7ed4bd2b52447f58e6db30062f5fa276d6c7829d21a68abe0da8bbb599b5abed
ip: 190.71.11.218
firstlogin: 1432910834699.000000
lastlogin: 1432910836428.000000
...
