---
password: 4146d6599debe05501125f6ccaccdf32782eb895a6024fbd7e099272597e196f
ip: 189.146.104.133
firstlogin: 1432742077501.000000
lastlogin: 1432742077508.000000
...
