---
password: 9260f889a03c3de5a806b802afdcca308513328a90c44988955d8dc13dd93504
ip: 131.221.209.234
firstlogin: 1432856203723.000000
lastlogin: 1432856203730.000000
...
