---
password: 7f62be443a490640b9b931d0372ee7b695cb74000fcc5ab8a566525b95eab1b4
ip: 189.191.141.192
firstlogin: 1432515808818.000000
lastlogin: 1432767050519.000000
...
