---
password: 9c64d0c3e1f3c86c7cfe39858d0c6227809ecadd8cb94dc5e3eb168f5d95d595
ip: 186.144.155.127
firstlogin: 1432581278009.000000
lastlogin: 1432581362105.000000
...
