---
password: 0c3f93b4c0001b94b9ea94510cf36a56f532b25a00b513484d3397155ff86405
ip: 187.193.192.1
firstlogin: 1432945787651.000000
lastlogin: 1432945787658.000000
...
