---
password: 15e2b0d3c33891ebb0f1ef609ec419420c20e320ce94c65fbc8c3312448eb225
ip: 177.232.195.103
firstlogin: 1432775834204.000000
lastlogin: 1432775834210.000000
...
