---
password: 9abe7d9a3bf17e0fb59548964700082de48624cee0bf773b8e2051d747f4e1a9
ip: 186.56.165.127
firstlogin: 1432861716595.000000
lastlogin: 1432861716602.000000
...
