---
password: 1505e1f8fa878cdc44dec9aded681d7891b63a28249dccd2180a96359a92658d
ip: 177.240.15.241
firstlogin: 1432787857358.000000
lastlogin: 1432951208099.000000
...
