---
password: 8748ae2d65d49dd8c39fd6ee47b7292a0b22c6fd02f9b8f456f40d1aea3a4313
ip: 187.185.100.13
firstlogin: 1432917560498.000000
lastlogin: 1432917560504.000000
...
