---
password: 4c6ba8e0004837e0f578d14b65f38d2da71e6a6a90bd6a18e5a876660dde3418
ip: 187.131.32.47
firstlogin: 1432585696689.000000
lastlogin: 1432607577944.000000
...
