---
password: 15e2b0d3c33891ebb0f1ef609ec419420c20e320ce94c65fbc8c3312448eb225
ip: 179.4.222.234
firstlogin: 1432927441224.000000
lastlogin: 1432927441231.000000
...
