---
password: 318df23d0c9178350ce921efeee7753287a2ce27356bc7e19d35fc4072651e39
ip: 201.102.122.83
firstlogin: 1432597805572.000000
lastlogin: 1432597808404.000000
...
