---
password: 95c9f6244daf04aed0b8ae294e0372843e643cc28ddab1e936373c68543d8cc6
ip: 189.158.185.54
firstlogin: 1432921158707.000000
lastlogin: 1432921158714.000000
...
