---
password: 3700adf1f25fab8202c1343c4b0b4e3fec706d57cad574086467b8b3ddf273ec
ip: 190.240.77.160
firstlogin: 1432940871425.000000
lastlogin: 1432940871432.000000
...
