---
password: 0cb3af863594b21b24fc38c660a4e6f6bf86dfa7db3dd2fc65f4f765533394aa
ip: 187.234.203.65
firstlogin: 1432921930410.000000
lastlogin: 1432921942378.000000
...
