---
password: 92db2ba0df1361d8be316c6796415cd54df71cb16045941aee185485b50fec63
ip: 182.18.219.22
firstlogin: 1432581212042.000000
lastlogin: 1432581212049.000000
...
