---
password: 00f8cd4506e8e45420aea0e0999e346bcc9a29d4e158068aa2a7c7c36e10d5f7
ip: 188.50.62.216
firstlogin: 1432871189399.000000
lastlogin: 1432871189406.000000
...
