---
password: 7b3ce5a4b92e74201ab731b9eb4c47969f41182de57f2f2ba3da80fafff0a96c
ip: 189.132.107.246
firstlogin: 1432860228836.000000
lastlogin: 1432860228843.000000
...
