---
password: 26f81f3296d96123ab6a6a5bb923d74387abd6d01f4ff2e3c433b4d53189a2d1
ip: 177.6.103.78
firstlogin: 1432931436874.000000
lastlogin: 1432931436880.000000
...
