---
password: 3ad5badd275db4a3cd8e280dd44c19d37289556a2641abf6bce2f3d23db2aa5f
ip: 186.113.78.171
firstlogin: 1432863547199.000000
lastlogin: 1432863547209.000000
...
