---
password: 15e2b0d3c33891ebb0f1ef609ec419420c20e320ce94c65fbc8c3312448eb225
ip: 181.1.196.209
firstlogin: 1432573030301.000000
lastlogin: 1432573030307.000000
...
