---
password: 255b86f2299550968ae814adea990edd24a8a83fa7b9d6bb23ff2efd2b1452d4
ip: 90.215.118.77
firstlogin: 1432902197636.000000
lastlogin: 1432933140456.000000
...
