---
password: 4a8273a0d2f8df49d78654e82e0ba3207b8249a0bcb64d0a8c5de6745c241483
ip: 189.134.200.171
firstlogin: 1432937195741.000000
lastlogin: 1432942613439.000000
...
