---
password: 15e2b0d3c33891ebb0f1ef609ec419420c20e320ce94c65fbc8c3312448eb225
ip: 85.5.196.149
firstlogin: 1432828659756.000000
lastlogin: 1432828659763.000000
...
