---
password: 4dd68e2ab3a30973318ea903e088b3d3480655ef4236109fe47272c1c1582880
ip: 189.223.71.206
firstlogin: 1432503339674.000000
lastlogin: 1432503339677.000000
...
