---
password: 114cf57aaae9080640308db923ba4908d1a5c7a3a0d9023c0d63f6d663735524
ip: 187.209.158.89
firstlogin: 1432929098714.000000
lastlogin: 1432929100601.000000
...
