---
password: 98d24aa2b3d6ab23f6e259f7a4c5ae679ee351d70ddd1ccd8bd8f39fccc2779e
ip: 84.196.57.145
firstlogin: 1432601549623.000000
lastlogin: 1432601580315.000000
...
