---
password: 0ffa0c9466bb9150bde69bae5933419c88362f075ffa1507a7338ad3688a7d2a
ip: 68.1.151.28
firstlogin: 1432850141264.000000
lastlogin: 1432850141271.000000
...
