---
password: 308267a2a28a67e52efe227f450a44f6273cee9f0618f37b17a495d3d5614e9a
ip: 201.222.169.79
firstlogin: 1432773923196.000000
lastlogin: 1432773923202.000000
...
