---
password: 67daae98ed0c612857a716202f463356ffcf1a018ce140ab4a4bebc8eb274e6d
ip: 187.181.228.66
firstlogin: 1432596590104.000000
lastlogin: 1432596590111.000000
...
