---
password: 092e227f7dcac45d1a4cc76e36010390112a4d702dfcbfb089cca417b2613236
ip: 201.141.158.32
firstlogin: 1432582722903.000000
lastlogin: 1432582722912.000000
...
