---
password: 86f3bff770c02d90d6f18bd6543ef298c6b53a62366710b73322e8dc6df5106f
ip: 189.252.112.22
firstlogin: 1432712377925.000000
lastlogin: 1432858756807.000000
...
