---
password: 67aca2320292521e9ab1a774708066a4eb5297b4ab091be88ce4974f7f88298c
ip: 189.152.10.46
firstlogin: 1432992127304.000000
lastlogin: 1432992127311.000000
...
