---
password: 26285264a2d095e6ce828d587f1d7a877e6e14878b999f56c1909c91f403914b
ip: 187.149.233.90
firstlogin: 1432502605295.000000
lastlogin: 1432583476834.000000
...
