---
password: 5e884898da28047151d0e56f8dc6292773603d0d6aabbdd62a11ef721d1542d8
ip: 187.161.21.30
firstlogin: 1432595335700.000000
lastlogin: 1432595335708.000000
...
