---
password: 00f34b4b5db1ac3ec15c99945b71494b35839721f1b9401f60bdd9ff9882ce1f
ip: 201.141.73.216
firstlogin: 1432505870672.000000
lastlogin: 1432505870674.000000
...
