---
password: 3261be8065b4404352581c36f6e108ed420b386e21a38dc3d574c08f096e7e18
ip: 187.139.76.95
firstlogin: 1432869329054.000000
lastlogin: 1432902597434.000000
...
