---
password: 81c9d6128b5fcd7bbe4ba65c177388ff767a2017f971c053dcaa6f32b4d6a758
ip: 201.141.155.175
firstlogin: 1432598191664.000000
lastlogin: 1432921866805.000000
...
