---
password: 3f92527a1095278ee0294a1995a5915acabba3e975c1fb63d77d4c5699ace7f4
ip: 181.51.254.83
firstlogin: 1432601423746.000000
lastlogin: 1432601423752.000000
...
