---
password: 59433531a65641e93897936c191f5d4022e4d78a95a2637322ae1dc19dedb030
ip: 73.48.126.204
firstlogin: 1432575727952.000000
lastlogin: 1432575727958.000000
...
