---
password: 8500551383413a9f2538d4cdb6db964f242a7040a5ef2f2cb07eeccd0092fcdf
ip: 67.174.43.8
firstlogin: 1432614448529.000000
lastlogin: 1432614448536.000000
...
