---
password: 271e4dce5d8908ee6a989697f0eab8afb2a4d4919e1237f4c998837a0d689203
ip: 86.211.8.72
firstlogin: 1432586951260.000000
lastlogin: 1432586951267.000000
...
