---
password: 70ec20c625a3324463c249431985cfc04c2e67bf34c283c03133d87be30cbf00
ip: 200.138.42.78
firstlogin: 1432592593903.000000
lastlogin: 1432592593910.000000
...
