---
password: 5a342126f137924ee711e16a6709ab59b1d7ca59b4f3d6ccd28272d426f46d98
ip: 73.55.131.18
firstlogin: 1432604521462.000000
lastlogin: 1432604521469.000000
...
