---
password: 89370d2313abe9219465c48a06bd74de3f47d750162589e64111fb698cac31ac
ip: 2.80.17.136
firstlogin: 1432748798008.000000
lastlogin: 1432748798015.000000
...
