---
password: 5c1146f07b38309d89d12b0589780c0081171a7c80215cda221c816816faddef
ip: 187.250.127.75
firstlogin: 1432859963759.000000
lastlogin: 1432927455344.000000
...
