---
password: 922b960a0693f98a4d407d7193b515cca9a416ec49c51ae6678d4cf110d635fd
ip: 187.139.76.95
firstlogin: 1432869136059.000000
lastlogin: 1432920178273.000000
...
