---
password: 1a05b2fbbeeb05124d062534604ce2e88a17788d3db473833e9f65de72f7b48f
ip: 66.50.12.55
firstlogin: 1432924103563.000000
lastlogin: 1432924115127.000000
...
