---
password: 14575ae2a548bab9c825a457e65033cf70798c71663f9189cf7b64a109cb9f04
ip: 187.195.99.213
firstlogin: 1432609084317.000000
lastlogin: 1432609084327.000000
...
