---
password: 8f1144b36ea128e502ee26d747c29fd9c496e645d30680551fd2a1ece980d46c
ip: 151.32.228.15
firstlogin: 1432318444299.000000
lastlogin: 1432818126696.000000
...
