---
password: 1d002705307516aa7231c710a94c5ccce439c1412b82cdcd10135c22ad7032f0
ip: 190.71.210.24
firstlogin: 1432772687068.000000
lastlogin: 1432772687075.000000
...
