---
password: 0fa7cf71156ada63eb72e2f3ab4586216bff4b804ee221a8f4bbd57e5f3c48e1
ip: 186.106.107.63
firstlogin: 1432937484617.000000
lastlogin: 1432953404839.000000
...
