---
password: 5e884898da28047151d0e56f8dc6292773603d0d6aabbdd62a11ef721d1542d8
ip: 187.192.22.113
firstlogin: 1432609360749.000000
lastlogin: 1432873595581.000000
...
