---
password: 7b44a7a16d11e25ed69e814cc6ab2416a36df661df2374b73a812c2d09475038
ip: 187.10.174.19
firstlogin: 1432855745975.000000
lastlogin: 1432945111222.000000
...
