---
password: 1fe52833e30b68e8ca50e96cf5fda1764d49f9daef8bce204d17e4be6ea3c8c1
ip: 187.86.29.38
firstlogin: 1432987586040.000000
lastlogin: 1432989336917.000000
...
