---
password: 210feb18e98986f1f5ad40cd3e4c9b91e1e4f6da8c99da629a80f20cd1af2bbd
ip: 186.216.188.176
firstlogin: 1432584121352.000000
lastlogin: 1432584121359.000000
...
