---
password: 1c758c79b596d9f78d6922788acd59c93d5f5b3c9aad39a36091831bd3a8a006
ip: 187.185.79.176
firstlogin: 1432787481908.000000
lastlogin: 1432787481915.000000
...
