---
password: 1d98652568a95faeeb2363826b2e145ed4cae93c09b8f0f37d2ad4477b5704c0
ip: 201.251.156.96
firstlogin: 1432582154294.000000
lastlogin: 1432582271097.000000
...
