---
password: 1fa49903f07f64f7bb80b8c6fe506933e920831aa91b2ea48e9794db52fcc2cd
ip: 189.130.128.128
firstlogin: 1432863094460.000000
lastlogin: 1432863094468.000000
...
