---
password: 986c78be53210aeae4ae9a1bf4c0a26e44f7d0af24e2f4cee7d6289064650738
ip: 187.176.218.119
firstlogin: 1432959412446.000000
lastlogin: 1432959412452.000000
...
