---
password: 551143c2799660ab07cad0551ab347f12f3f3c275971f84ac69dc4f8a3c44f69
ip: 208.102.211.152
firstlogin: 1432584685593.000000
lastlogin: 1432584685599.000000
...
