---
password: 34a489099f8f8cdfa99264d864256b31cbc4c07549d063c2e5ac3ab1269b795b
ip: 77.229.248.158
firstlogin: 1432909116723.000000
lastlogin: 1432909116730.000000
...
