---
password: 376750f51cb3280473765e1233f6ab5bf84289953a9594d2e66bf19d558a4386
ip: 189.137.219.215
firstlogin: 1432919734585.000000
lastlogin: 1432926906760.000000
...
