---
password: 15e2b0d3c33891ebb0f1ef609ec419420c20e320ce94c65fbc8c3312448eb225
ip: 181.1.196.209
firstlogin: 1432572867591.000000
lastlogin: 1432572873860.000000
...
