---
password: 87780fa5de684e87cb92b279f0bc07b14f572851e73b8943a097c1770a5f38e6
ip: 187.158.51.231
firstlogin: 1432324034346.000000
lastlogin: 1432324034348.000000
...
