---
password: 02614e5d5e246d34623a261e3d0df9ab5c43b37da3eeaf6e67a3f0a1b8a9bcf0
ip: 186.107.9.90
firstlogin: 1432854109505.000000
lastlogin: 1432854109512.000000
...
