---
password: 8fba9b530dd1d3c0652026cd2c1fcc6b6ed434718a376aeca9c9ac82387f9969
ip: 186.32.181.22
firstlogin: 1432583213102.000000
lastlogin: 1432583213109.000000
...
