---
password: 41f395017d05512a61d7e6e79af3363e0df4da2cdaf0aaafbf760a8837081037
ip: 177.227.86.77
firstlogin: 1432759455750.000000
lastlogin: 1432759455756.000000
...
