---
password: 60ee48e439ab651f2d8b0039fe18cf0dae71046d4e6761594fc7a2a2993f9d86
ip: 190.52.179.208
firstlogin: 1432766541122.000000
lastlogin: 1432766541128.000000
...
