---
password: 432a0895fc8bc048f6643cfd0c41a3093741a2ecb01e32cdae887d1fe9956da6
ip: 190.62.137.5
firstlogin: 1432589622967.000000
lastlogin: 1432589622973.000000
...
