---
password: 2f5ea1fd51fd0d627fa26e21f8c1cf072d376227ebc4c10d807982a5f910fb04
ip: 87.218.82.88
firstlogin: 1432987412526.000000
lastlogin: 1432987412533.000000
...
