---
password: 242f52996ecfcc63d54f69bbc58f2e6f4dd9da7cf60f8a45d71f793db272dc82
ip: 201.223.182.190
firstlogin: 1432596804307.000000
lastlogin: 1432596804313.000000
...
