---
password: 15e2b0d3c33891ebb0f1ef609ec419420c20e320ce94c65fbc8c3312448eb225
ip: 177.207.8.39
firstlogin: 1432596940161.000000
lastlogin: 1432596940167.000000
...
