---
password: 376919b9c16ef57720eb9214c1b5764749a373d784ad278ba13999fee5624c2c
ip: 186.79.8.88
firstlogin: 1432991597599.000000
lastlogin: 1432991597735.000000
...
