---
password: 957e2a494446ca2a828560a0590318bc104522d6356956a1766bd9e8a93358e3
ip: 190.47.172.7
firstlogin: 1432604564650.000000
lastlogin: 1432858257119.000000
...
