---
password: 29bb72f3aa2d13f4c0da08cda282f6dce2edf9ef58e800123effc5666059351b
ip: 187.137.183.204
firstlogin: 1432867752980.000000
lastlogin: 1432867752986.000000
...
