---
password: 542e886c6dbd529a44ec9e6dd8c96575c1e5c48d5905632a327b2c780bd85a7f
ip: 200.97.0.205
firstlogin: 1432590390008.000000
lastlogin: 1432822822950.000000
...
