---
password: 459ed797c76b4c8ca98fcca0bfa89d494482163f66e9768769fd31ba597b1b1f
ip: 138.59.80.146
firstlogin: 1432901792963.000000
lastlogin: 1432901792969.000000
...
