---
password: 37033a0044ae04db97906226f495bc5935494ee5121af1ff11d3c39d1feee773
ip: 177.64.215.217
firstlogin: 1432689741037.000000
lastlogin: 1432689741044.000000
...
