---
password: 204bbd246a1dfde6f18b4370a560444683a1816bd914d958cd7fb0839681e2ca
ip: 177.97.15.43
firstlogin: 1432581324462.000000
lastlogin: 1432581324468.000000
...
