---
password: 39e5fde80c43f94491ba9ca2f4947f98d8924e71c79baff81ad305a363bb76ce
ip: 187.133.16.44
firstlogin: 1432317931191.000000
lastlogin: 1432317931195.000000
...
