---
password: 3f602f064faeca101f4b71a956ec440569e8085ed6ae2a9f83c67d98ebad5cbf
ip: 190.96.228.88
firstlogin: 1432825263575.000000
lastlogin: 1432825263581.000000
...
