---
password: 269f920c16a9e9981795e2273f9ecfc0d69ecd9412bec8c53b4f09edbaf68227
ip: 187.94.16.31
firstlogin: 1432593329628.000000
lastlogin: 1432593329635.000000
...
