---
password: 51a7b30a662efd11ea044ab908882bb67bb2ae63caac05e49ac494fce8893c76
ip: 189.237.105.40
firstlogin: 1432611592825.000000
lastlogin: 1432611657292.000000
...
