---
password: 476e42f1152a32f2e5333664647c5fb8cdf8240d90dd803b02fb8bcdd9802356
ip: 49.147.69.118
firstlogin: 1432953197935.000000
lastlogin: 1432953197941.000000
...
