---
password: 96417cf34232fbaae0e5c27788427042b796c55abe4220131d644e38d6ecb0b1
ip: 178.156.50.232
firstlogin: 1432581703818.000000
lastlogin: 1432581703825.000000
...
