---
password: 839398db2a43c738d3cf3e62613ead63cd5ff914d88672f27175e50a3c7b1ec3
ip: 180.191.116.65
firstlogin: 1432601891517.000000
lastlogin: 1432601891526.000000
...
