---
password: 3281259a04a493b6d2fe63b7f8e766c815fce523605b099f53cf9e96b571a6df
ip: 181.160.82.236
firstlogin: 1432607297326.000000
lastlogin: 1432950580777.000000
...
