---
password: 3745000231c9684fd7b5c4fd4ca9d5c724b6e9557608dbeb45211ebf21018b44
ip: 190.44.62.212
firstlogin: 1432608576956.000000
lastlogin: 1432608601423.000000
...
