---
password: 65273d201053c7853ca162d9a02ebe938263778d45f5432afbb4a47b28d57af3
ip: 93.198.173.104
firstlogin: 1432588180367.000000
lastlogin: 1432588197374.000000
...
