---
password: 2a2d66f7c8d5c1124e03ccb8db086aadf73fcd0fa38af280473d9e0f0de87fed
ip: 190.97.223.236
firstlogin: 1432855092870.000000
lastlogin: 1432855092876.000000
...
