---
password: 5c80565db6f29da0b01aa12522c37b32f121cbe47a861ef7f006cb22922dffa1
ip: 95.14.150.39
firstlogin: 1432622929985.000000
lastlogin: 1432622929993.000000
...
