---
password: 94bd35b70a11c9a9a7075cbd25d05baed30118d9deaf4e82f2d7a7374ce7c879
ip: 189.165.160.20
firstlogin: 1432959425742.000000
lastlogin: 1432959425748.000000
...
