---
password: 85457edd5ffc3f5abb55bd645b1db1cc29e7727f1d85375f56ece8d3b32ac0bd
ip: 90.210.144.168
firstlogin: 1432991402636.000000
lastlogin: 1432991491888.000000
...
