---
password: 2cef9532e010b92a0046feaa8ed39a4289464f7a35112d5b5f560f9c22fa79db
ip: 190.181.0.209
firstlogin: 1432321916961.000000
lastlogin: 1432788459831.000000
...
