---
password: 5a0c03bfbc5d2695229f33a4dce36779310715db281ef41ae4af177522a02ebc
ip: 74.61.203.35
firstlogin: 1432896531265.000000
lastlogin: 1432896531273.000000
...
