---
password: 7a54263f0ac3273b0b246624d23fd966e61b681be61c6cd63479f78db316eaec
ip: 177.228.124.200
firstlogin: 1432986956469.000000
lastlogin: 1432986956476.000000
...
