---
password: 08a01f82bc3fcddfc0c9925ef2ef900da53e028918917a93d4bcb265229ce3a5
ip: 181.23.33.49
firstlogin: 1432568862994.000000
lastlogin: 1432568863001.000000
...
