---
password: 3b18377cc8c38fa9ebdf4134c06754c11dd7aa7df90f96dc8e86b1a8fd69edf1
ip: 187.208.214.134
firstlogin: 1432320748306.000000
lastlogin: 1432325543040.000000
...
