---
password: 720c57405660e256a8f9ae701e45ebcf1246d765152e87560fc25befe03c9478
ip: 177.10.149.81
firstlogin: 1432510432487.000000
lastlogin: 1432510432495.000000
...
