---
password: 5b88f62c0897aa462c65ab6c95ec8adcaeae47a26ae1efa5e09c26b88e7ed21a
ip: 50.54.34.132
firstlogin: 1432322863808.000000
lastlogin: 1432322863812.000000
...
