---
password: 84726e437202eed92a55d8c68b062c677dc1bfb9d9192ee95c83b5aa14d07d89
ip: 190.97.132.35
firstlogin: 1432516190089.000000
lastlogin: 1432516190095.000000
...
