---
password: 15b90bbbe94499817f877ca2622601dee8bdf02d2b4ffa80b9e4e8d4ab0a9e95
ip: 187.184.225.221
firstlogin: 1432316533762.000000
lastlogin: 1432316533764.000000
...
