---
password: 3049a1f8327e0215ea924b9e4e04cd4b0ff1800c74a536d9b81d3d8ced9994d3
ip: 187.161.21.30
firstlogin: 1432516116093.000000
lastlogin: 1432516116095.000000
...
