---
password: 3acc60ffe60ce420688a266d0fbb471c441deec5e27b1b88c92ccd3378284f0e
ip: 190.92.27.44
firstlogin: 1432478709743.000000
lastlogin: 1432478719086.000000
...
