---
password: 5488f84f5b0046dac1a2873fce8fa02bed8f514283f11c874e9b6cd8198899d1
ip: 125.60.229.57
firstlogin: 1432510065787.000000
lastlogin: 1432510065796.000000
...
