---
password: 12d3a199caf6945263630c066c19c37c0cac649b16fd94e321a2df1b3abba4ff
ip: 187.234.15.4
firstlogin: 1432505865542.000000
lastlogin: 1432505865545.000000
...
