---
password: 5e884898da28047151d0e56f8dc6292773603d0d6aabbdd62a11ef721d1542d8
ip: 91.117.99.48
firstlogin: 1432570436742.000000
lastlogin: 1432570436749.000000
...
