---
password: 35238ecd6da0d24223be3b506146e48baab2bc8f8bb5149536b42c4b963e06a6
ip: 190.179.25.214
firstlogin: 1432509330706.000000
lastlogin: 1432509357216.000000
...
