---
password: 48d4afb464cd7f969263f6467ea519155e5851972df17ec774ed7b649b6fd77e
ip: 191.6.10.87
firstlogin: 1432509472620.000000
lastlogin: 1432509472628.000000
...
