---
password: 30d29ad11f18881cd777b77329799796c2f4605457ecfe250b6c66009a3eeb2b
ip: 187.155.34.100
firstlogin: 1432517876038.000000
lastlogin: 1432517876042.000000
...
