---
password: 2983cde544c265ebd90be0a32235a338ffc040a319acb4ca45130adf059dae81
ip: 201.88.229.71
firstlogin: 1432505941857.000000
lastlogin: 1432505941861.000000
...
