---
password: 2a1a3eb279ca7a04c730a0aa8de38bcc7fb3f5583b7d92e77cef4f310e8d510d
ip: 181.246.75.33
firstlogin: 1432509877788.000000
lastlogin: 1432509877790.000000
...
