---
password: 59c9d1fa14932824beb546b0fb954c82930d65c1ea3541b889fff131165c8c5e
ip: 189.162.11.177
firstlogin: 1432569025760.000000
lastlogin: 1432569025766.000000
...
