---
password: 63c2e0c21602ab59929daec4405a42ad3c2fdf1edbdad1be521d967d90f7e97d
ip: 187.189.172.98
firstlogin: 1432501918932.000000
lastlogin: 1432501918938.000000
...
