---
password: 24fb4c3706852aa5c80caebc012accaea9ed2693f5e67bc1f89969c64464e33f
ip: 187.171.193.192
firstlogin: 1432321809149.000000
lastlogin: 1432502839931.000000
...
