---
password: 4ee3679892e6ac5a5b513eba7fd529d363d7a96508421c5dbd44b01b349cf514
ip: 189.192.28.35
firstlogin: 1432502890585.000000
lastlogin: 1432502890601.000000
...
