---
password: 36f583dd16f4e1e201eb1e6f6d8e35a2ccb3bbe2658de46b4ffae7b0e9ed872e
ip: 181.43.72.48
firstlogin: 1432508652120.000000
lastlogin: 1432508652123.000000
...
