---
password: 00b2b9ec9ec0f4c0c8c68c2906df10885a69c447e9a08a91db58a3e518630fc6
ip: 187.185.109.16
firstlogin: 1432516197787.000000
lastlogin: 1432516197789.000000
...
