---
password: 37ea032ef572d8d22985fb244ca07ab1b2a41952b2ad93e1884074b5fb0d9f54
ip: 186.12.226.125
firstlogin: 1432571930858.000000
lastlogin: 1432571930865.000000
...
