---
password: 38fcfb003bbdac7bee64b2c491dfcc20a10fe35bc562a27743be6beb440a000e
ip: 181.139.219.129
firstlogin: 1432508578539.000000
lastlogin: 1432508578545.000000
...
