---
password: 2f05726eae3e134b4eff52d7049131aa635a38c4b1500fc1add35c5128b0643a
ip: 77.100.154.70
firstlogin: 1432322803720.000000
lastlogin: 1432322821984.000000
...
