---
password: 6138cda5f43cdbef99fbd650f0f5d9334938e702ff2e54b216b9aa209748db4e
ip: 189.138.198.197
firstlogin: 1432501914130.000000
lastlogin: 1432501914133.000000
...
