---
password: 35407105ec7331c9ac1027e5118ab1857aa89b6afc9c859b935f4cbd679a9b01
ip: 201.215.29.165
firstlogin: 1432509895336.000000
lastlogin: 1432509958404.000000
...
