---
password: 705db0603fd5431451dab1171b964b4bd575e2230f40f4c300d70df6e65f5f1c
ip: 112.208.69.33
firstlogin: 1432516729546.000000
lastlogin: 1432516729552.000000
...
