---
password: 15e2b0d3c33891ebb0f1ef609ec419420c20e320ce94c65fbc8c3312448eb225
ip: 176.44.59.175
firstlogin: 1432504836082.000000
lastlogin: 1432504836084.000000
...
