---
password: 29cd3910d40acbb910760fb1551d5371c3910e35a5f405648ea88b1e2c2a558a
ip: 190.92.27.44
firstlogin: 1432406687981.000000
lastlogin: 1432478148128.000000
...
