---
password: 65304dac3823069673aa9d3b90dcb9f44938e2d12f58509addc915d08922b64b
ip: 189.174.61.79
firstlogin: 1432318774329.000000
lastlogin: 1432318774333.000000
...
