---
password: 1505e1f8fa878cdc44dec9aded681d7891b63a28249dccd2180a96359a92658d
ip: 187.155.34.100
firstlogin: 1432517870058.000000
lastlogin: 1432517870061.000000
...
