---
password: 5a3d8f7ab1baeac0044f8e5c0700c85d5e90ab8505aeaf1fc184c1de727cf712
ip: 187.243.97.105
firstlogin: 1432507137107.000000
lastlogin: 1432507137110.000000
...
