---
password: 7b5f3794f2fcc87cd37ffbefdcb06cb3e7811705cbd98896cbdd9e204be1bc47
ip: 200.92.125.244
firstlogin: 1432517148775.000000
lastlogin: 1432517236408.000000
...
