---
password: 72c9890f4cf600cc6c757d89cfc6a8eec221891d7afa71c9e7faaabb8c266a69
ip: 92.18.120.109
firstlogin: 1432570942905.000000
lastlogin: 1432570942911.000000
...
