---
password: 1ff1c89d77fb210d47f9d3d2ddfa7232e4b1fd7163456a4f244bf1a08b0f1827
ip: 113.170.100.91
firstlogin: 1432517030092.000000
lastlogin: 1432517030101.000000
...
